[gd_scene load_steps=17 format=3 uid="uid://dgjwhnxth0j3c"]

[ext_resource type="PackedScene" uid="uid://bs72ogkvdd7d6" path="res://addons/proto_controller/proto_controller.tscn" id="1_lnu2h"]
[ext_resource type="PackedScene" uid="uid://dfjv0438wdu0y" path="res://scenes/gate.tscn" id="1_uwrxv"]
[ext_resource type="Texture2D" uid="uid://0hgejtj2cgma" path="res://assets/2025-08-13_10-05-13.webp" id="2_lbhrr"]
[ext_resource type="PackedScene" uid="uid://bxr3jjv4hi378" path="res://scenes/grate.tscn" id="2_yqjtg"]
[ext_resource type="Script" uid="uid://dr0n0yog0xeh2" path="res://scenes/grate.gd" id="5_iywne"]
[ext_resource type="NavigationMesh" uid="uid://c8hd152r507j8" path="res://scenes/navmesh.tres" id="6_p57ef"]

[sub_resource type="ProceduralSkyMaterial" id="ProceduralSkyMaterial_yqjtg"]
sky_horizon_color = Color(0.662243, 0.671743, 0.686743, 1)
ground_horizon_color = Color(0.662243, 0.671743, 0.686743, 1)

[sub_resource type="Sky" id="Sky_lnu2h"]
sky_material = SubResource("ProceduralSkyMaterial_yqjtg")

[sub_resource type="Environment" id="Environment_lbhrr"]
background_mode = 2
sky = SubResource("Sky_lnu2h")
tonemap_mode = 2
glow_enabled = true

[sub_resource type="StandardMaterial3D" id="StandardMaterial3D_iywne"]
albedo_texture = ExtResource("2_lbhrr")

[sub_resource type="Animation" id="Animation_p57ef"]
length = 0.001
tracks/0/type = "position_3d"
tracks/0/imported = false
tracks/0/enabled = true
tracks/0/path = NodePath("Map/Gates/Gate")
tracks/0/interp = 1
tracks/0/loop_wrap = true
tracks/0/keys = PackedFloat32Array(0, 1, 0, -0.132716, -0.215)
tracks/1/type = "value"
tracks/1/imported = false
tracks/1/enabled = true
tracks/1/path = NodePath("Map/Gates/Gate2:isClosed")
tracks/1/interp = 1
tracks/1/loop_wrap = true
tracks/1/keys = {
"times": PackedFloat32Array(0),
"transitions": PackedFloat32Array(1),
"update": 1,
"values": [false]
}
tracks/2/type = "value"
tracks/2/imported = false
tracks/2/enabled = true
tracks/2/path = NodePath("Map/Gates/Gate:isClosed")
tracks/2/interp = 1
tracks/2/loop_wrap = true
tracks/2/keys = {
"times": PackedFloat32Array(0),
"transitions": PackedFloat32Array(1),
"update": 1,
"values": [false]
}

[sub_resource type="Animation" id="Animation_gee14"]
resource_name = "gate1_close"
length = 4.0
tracks/0/type = "position_3d"
tracks/0/imported = false
tracks/0/enabled = true
tracks/0/path = NodePath("Map/Gates/Gate")
tracks/0/interp = 1
tracks/0/loop_wrap = true
tracks/0/keys = PackedFloat32Array(0.0666667, 1, 0, -0.132716, -0.157996, 3.06667, 1, 1.88315, -0.132716, -0.157996)
tracks/1/type = "value"
tracks/1/imported = false
tracks/1/enabled = true
tracks/1/path = NodePath("Map/Gates/Gate:isClosed")
tracks/1/interp = 1
tracks/1/loop_wrap = true
tracks/1/keys = {
"times": PackedFloat32Array(0, 3),
"transitions": PackedFloat32Array(1, 1),
"update": 1,
"values": [false, true]
}

[sub_resource type="Animation" id="Animation_0tnpc"]
resource_name = "gate1_open"
length = 3.0
tracks/0/type = "position_3d"
tracks/0/imported = false
tracks/0/enabled = true
tracks/0/path = NodePath("Map/Gates/Gate")
tracks/0/interp = 1
tracks/0/loop_wrap = true
tracks/0/keys = PackedFloat32Array(0.0666667, 1, 1.8291, -0.132716, -0.157996, 3, 1, -0.0149844, -0.132716, -0.157996)
tracks/1/type = "value"
tracks/1/imported = false
tracks/1/enabled = true
tracks/1/path = NodePath("Map/Gates/Gate:isClosed")
tracks/1/interp = 1
tracks/1/loop_wrap = true
tracks/1/keys = {
"times": PackedFloat32Array(0.0666667, 2.93333),
"transitions": PackedFloat32Array(1, 1),
"update": 1,
"values": [true, false]
}

[sub_resource type="Animation" id="Animation_u5sy4"]
resource_name = "gate2_close"
length = 4.0
tracks/0/type = "position_3d"
tracks/0/imported = false
tracks/0/enabled = true
tracks/0/path = NodePath("Map/Gates/Gate")
tracks/0/interp = 1
tracks/0/loop_wrap = true
tracks/0/keys = PackedFloat32Array(0.0666667, 1, 0, -0.132716, -0.215, 3.06667, 1, 0, -0.132716, -0.215)
tracks/1/type = "value"
tracks/1/imported = false
tracks/1/enabled = true
tracks/1/path = NodePath("Map/Gates/Gate2:isClosed")
tracks/1/interp = 1
tracks/1/loop_wrap = true
tracks/1/keys = {
"times": PackedFloat32Array(0.0333333, 3.06667),
"transitions": PackedFloat32Array(1, 1),
"update": 1,
"values": [false, true]
}

[sub_resource type="Animation" id="Animation_vtaks"]
resource_name = "gate2_open"

[sub_resource type="AnimationLibrary" id="AnimationLibrary_kvpfn"]
_data = {
&"RESET": SubResource("Animation_p57ef"),
&"gate1_close": SubResource("Animation_gee14"),
&"gate1_open": SubResource("Animation_0tnpc"),
&"gate2_close": SubResource("Animation_u5sy4"),
&"gate2_open": SubResource("Animation_vtaks")
}

[node name="Game" type="Node3D"]

[node name="WorldEnvironment" type="WorldEnvironment" parent="."]
environment = SubResource("Environment_lbhrr")

[node name="DirectionalLight3D" type="DirectionalLight3D" parent="."]
transform = Transform3D(0.500003, -0.75, 0.43301, 2.2715e-08, 0.499998, 0.866027, -0.866024, -0.433016, 0.25, -27.671, 39.2167, 39.1984)
shadow_enabled = true

[node name="OmniLight3D" type="FlickeringOmniLight3D" parent="."]
transform = Transform3D(-4.37114e-08, -4.37114e-08, -1, 4.37114e-08, 1, -4.37114e-08, 1, -4.37114e-08, -4.37114e-08, 1.24643, 2.65969, -3.33439)
light_color = Color(1, 0.847059, 0.552941, 1)

[node name="ProtoController" parent="." instance=ExtResource("1_lnu2h")]

[node name="CSGBox3D" type="CSGBox3D" parent="."]
transform = Transform3D(-4.37114e-08, -4.37114e-08, 1, -4.37114e-08, 1, 4.37114e-08, -1, -4.37114e-08, -4.37114e-08, -0.0870609, -4.74847, -18.3885)
material_override = SubResource("StandardMaterial3D_iywne")
size = Vector3(51.1357, 1, 60.7769)

[node name="Map" type="Node" parent="."]

[node name="Gates" type="Node" parent="Map"]

[node name="Gate" parent="Map/Gates" instance=ExtResource("1_uwrxv")]
transform = Transform3D(-4.37114e-08, -4.37114e-08, -1, 4.37114e-08, 1, -4.37114e-08, 1, -4.37114e-08, -4.37114e-08, 0, -0.132716, -0.215)
visible = false

[node name="Gate2" parent="Map/Gates" instance=ExtResource("1_uwrxv")]
transform = Transform3D(-4.37114e-08, -4.37114e-08, -1, 4.37114e-08, 1, -4.37114e-08, 1, -4.37114e-08, -4.37114e-08, 7.5749, -0.127049, 0.614832)
visible = false

[node name="Grate3" parent="Map/Gates" groups=["Gates"] instance=ExtResource("2_yqjtg")]
transform = Transform3D(-1, -4.37114e-08, 8.74228e-08, -4.37114e-08, 1, -4.37114e-08, -8.74228e-08, -4.37114e-08, -1, 0.119299, 0.767285, -3.01159)
use_collision = true
script = ExtResource("5_iywne")

[node name="Vents" type="Node" parent="Map"]

[node name="VentOffice" type="CSGBox3D" parent="Map/Vents"]
transform = Transform3D(-4.37114e-08, -4.37114e-08, -1, 4.37114e-08, 1, -4.37114e-08, 1, -4.37114e-08, -4.37114e-08, 0.175629, 0.790925, -5.14488)
use_collision = true
size = Vector3(3.56055, 0.581848, 1.14954)

[node name="CSGBox3D" type="CSGBox3D" parent="Map/Vents/VentOffice"]
transform = Transform3D(1, 0, 0, 0, 1, 0, 0, 0, 1, 0.0633245, -0.0289341, 0.0202637)
operation = 2
size = Vector3(4.3609, 0.47834, 0.959473)

[node name="VentL1-2Conecter" type="CSGBox3D" parent="Map/Vents"]
transform = Transform3D(-4.37114e-08, -4.37114e-08, -1, 4.37114e-08, 1, -4.37114e-08, 1, -4.37114e-08, -4.37114e-08, -25.0085, 1.02228, -19.9223)
use_collision = true
size = Vector3(7.81501, 0.581848, 1.14954)

[node name="CSGBox3D" type="CSGBox3D" parent="Map/Vents/VentL1-2Conecter"]
transform = Transform3D(1, 0, 0, 0, 1, 0, 0, 0, 1, -0.106104, -0.0289341, 0.0202637)
operation = 2
size = Vector3(8.58203, 0.47834, 0.959473)

[node name="CSGBox3D2" type="CSGBox3D" parent="Map/Vents/VentL1-2Conecter"]
transform = Transform3D(1, 0, 0, 0, 1, 0, 0, 0, 1, 0.0648918, -0.0318143, -0.064167)
operation = 2
size = Vector3(0.823685, 0.470688, 1.11328)

[node name="VentLBBeforeDown" type="CSGBox3D" parent="Map/Vents"]
transform = Transform3D(1, -4.37114e-08, 1.06581e-14, 4.37114e-08, 1, 4.37114e-08, -1.42109e-14, -4.37114e-08, 1, -23.9506, 1.02228, -19.888)
use_collision = true
size = Vector3(1, 0.581848, 1.14954)

[node name="CSGBox3D" type="CSGBox3D" parent="Map/Vents/VentLBBeforeDown"]
transform = Transform3D(1, 0, 0, 0, 1, 0, 0, 0, 1, -0.0370197, -0.030394, 0.02738)
operation = 2
size = Vector3(1.35428, 0.481846, 0.814041)

[node name="CSGBox3D2" type="CSGBox3D" parent="Map/Vents/VentLBBeforeDown"]
transform = Transform3D(1, 0, 0, 0, 1, 0, 0, 0, 1, 0.505564, -0.189342, 0.0960903)
operation = 2
size = Vector3(0.318245, 0.643555, 0.948181)

[node name="VentLBDown" type="CSGBox3D" parent="Map/Vents"]
transform = Transform3D(0.880088, 0.47481, -5.24149e-09, -0.47481, 0.880088, 2.29568e-08, 1.55131e-08, -1.77153e-08, 1, -21.5327, -0.039539, -19.8879)
use_collision = true
size = Vector3(5.39551, 0.581848, 1.14798)

[node name="CSGBox3D" type="CSGBox3D" parent="Map/Vents/VentLBDown"]
transform = Transform3D(1, 2.98023e-08, 3.55271e-15, -2.98023e-08, 1, -8.88178e-15, 0, 1.77636e-15, 1, 0.0430031, -0.0289364, 0.0208473)
operation = 2
size = Vector3(5.64005, 0.47834, 0.833672)

[node name="CSGBox3D2" type="CSGBox3D" parent="Map/Vents/VentLBDown"]
transform = Transform3D(0.877975, -0.478707, -5.33388e-09, 0.478707, 0.877975, 2.09249e-08, -5.33366e-09, -2.09244e-08, 1, -2.86731, 0.157291, -0.0132751)
operation = 2
size = Vector3(1.13281, 0.208496, 1.19037)

[node name="CSGBox3D3" type="CSGBox3D" parent="Map/Vents/VentLBDown"]
transform = Transform3D(0.893959, -0.448149, -4.63519e-09, 0.448149, 0.893959, 1.95892e-08, -4.63627e-09, -1.95892e-08, 1, -2.43754, -0.189388, 0.0232563)
operation = 2
size = Vector3(0.883911, 0.388245, 0.82733)

[node name="CSGBox3D4" type="CSGBox3D" parent="Map/Vents/VentLBDown"]
transform = Transform3D(0.882332, -0.470627, -5.14342e-09, 0.470627, 0.882332, 2.05718e-08, -5.14343e-09, -2.05714e-08, 1, 2.82348, 0.325187, 0)
operation = 2
size = Vector3(0.59668, 0.141052, 1)

[node name="VentBLong" type="CSGBox3D" parent="Map/Vents"]
transform = Transform3D(1, -4.37114e-08, 1.06581e-14, 4.37114e-08, 1, 4.37114e-08, -1.42109e-14, -4.37114e-08, 1, 1.81677, -1.26766, -19.886)
use_collision = true
size = Vector3(42.5928, 0.581848, 1.14954)

[node name="CSGBox3D" type="CSGBox3D" parent="Map/Vents/VentBLong"]
transform = Transform3D(1, 0, 0, 0, 1, 0, 0, 0, 1, -1.4103, -0.0289341, 0.029047)
operation = 2
size = Vector3(40.9626, 0.47834, 0.82555)

[node name="CSGBox3D2" type="CSGBox3D" parent="Map/Vents/VentBLong"]
transform = Transform3D(0.0127406, 0.999919, 1.42123e-09, 0.0197718, -0.000251924, -0.999805, -0.999723, 0.0127381, -0.0197734, -21.2847, 0.186428, 0)
operation = 2
size = Vector3(1.15576, 0.297607, 1)

[node name="CSGBox3D3" type="CSGBox3D" parent="Map/Vents/VentBLong"]
transform = Transform3D(1, 0, 0, 0, 1, 0, 0, 0, 1, 20.299, -0.0289341, -0.148638)
operation = 2
size = Vector3(3.90796, 1, 1.5799)

[node name="CSGBox3D4" type="CSGBox3D" parent="Map/Vents/VentBLong"]
transform = Transform3D(1, 0, 0, 0, 1, 0, 0, 0, 1, 18.6652, 0.543869, -0.0459595)
operation = 2
size = Vector3(0.849854, 0.715576, 1.33679)

[node name="VentRBDown" type="CSGBox3D" parent="Map/Vents"]
transform = Transform3D(-0.880477, -0.474088, 8.74228e-08, -0.474088, 0.880477, -4.37114e-08, -5.62507e-08, -7.99329e-08, -1, 22.3847, -0.0395371, -19.8461)
use_collision = true
size = Vector3(5.39551, 0.581848, 1.14798)

[node name="CSGBox3D" type="CSGBox3D" parent="Map/Vents/VentRBDown"]
transform = Transform3D(1, 2.98023e-08, 3.55271e-15, -2.98023e-08, 1, -8.88178e-15, 0, 1.77636e-15, 1, 0.0430031, -0.0289364, 0.0208473)
operation = 2
size = Vector3(5.64005, 0.47834, 0.833672)

[node name="CSGBox3D2" type="CSGBox3D" parent="Map/Vents/VentRBDown"]
transform = Transform3D(0.877975, -0.478707, -5.33388e-09, 0.478707, 0.877975, 2.09249e-08, -5.33366e-09, -2.09244e-08, 1, -2.86731, 0.157291, -0.0132751)
operation = 2
size = Vector3(1.13281, 0.208496, 1.19037)

[node name="CSGBox3D3" type="CSGBox3D" parent="Map/Vents/VentRBDown"]
transform = Transform3D(0.893961, -0.448149, -4.63521e-09, 0.448149, 0.893961, 1.95892e-08, -4.63637e-09, -1.95892e-08, 1, -2.43754, -0.189387, 0.0203953)
operation = 2
size = Vector3(0.883911, 0.388245, 0.833053)

[node name="CSGBox3D4" type="CSGBox3D" parent="Map/Vents/VentRBDown"]
transform = Transform3D(0.882332, -0.470627, -5.14342e-09, 0.470627, 0.882332, 2.05718e-08, -5.14343e-09, -2.05714e-08, 1, 2.82348, 0.325187, 0)
operation = 2
size = Vector3(0.59668, 0.141052, 1)

[node name="VentRBBeforeDown" type="CSGBox3D" parent="Map/Vents"]
transform = Transform3D(-1, -4.37114e-08, 8.74228e-08, -4.37114e-08, 1, -4.37114e-08, -8.74228e-08, -4.37114e-08, -1, 24.7896, 1.02228, -19.888)
use_collision = true
size = Vector3(1, 0.581848, 1.14954)

[node name="CSGBox3D" type="CSGBox3D" parent="Map/Vents/VentRBBeforeDown"]
transform = Transform3D(1, 0, 0, 0, 1, 0, 0, 0, 1, -0.0370197, -0.030394, -0.023468)
operation = 2
size = Vector3(1.35428, 0.481846, 0.830149)

[node name="CSGBox3D2" type="CSGBox3D" parent="Map/Vents/VentRBBeforeDown"]
transform = Transform3D(1, 0, 0, 0, 1, 0, 0, 0, 1, 0.505564, -0.189342, 0.0668278)
operation = 2
size = Vector3(0.318245, 0.643555, 1.00671)

[node name="VentR1-2Conecter" type="CSGBox3D" parent="Map/Vents"]
transform = Transform3D(-4.37114e-08, -4.37114e-08, 1, -4.37114e-08, 1, 4.37114e-08, -1, -4.37114e-08, -4.37114e-08, 25.7545, 1.02228, -19.9223)
use_collision = true
size = Vector3(7.81501, 0.581848, 1.14954)

[node name="CSGBox3D" type="CSGBox3D" parent="Map/Vents/VentR1-2Conecter"]
transform = Transform3D(1, 0, 0, 0, 1, 0, 0, 0, 1, -0.106104, -0.0289341, 0.0202637)
operation = 2
size = Vector3(8.58203, 0.47834, 0.959473)

[node name="CSGBox3D2" type="CSGBox3D" parent="Map/Vents/VentR1-2Conecter"]
transform = Transform3D(1, 0, 0, 0, 1, 0, 0, 0, 1, -0.0558815, -0.0318143, -0.064167)
operation = 2
size = Vector3(0.823175, 0.470688, 1.11328)

[node name="VentLTBeforeDown" type="CSGBox3D" parent="Map/Vents"]
transform = Transform3D(1, -4.37114e-08, 1.06581e-14, 4.37114e-08, 1, 4.37114e-08, -1.42109e-14, -4.37114e-08, 1, -20.2728, 1.03436, -35.8591)
use_collision = true
size = Vector3(1.26709, 0.581848, 1.14954)

[node name="CSGBox3D" type="CSGBox3D" parent="Map/Vents/VentLTBeforeDown"]
transform = Transform3D(1, 0, 0, 0, 1, 0, 0, 0, 1, -0.0371075, -0.0289341, 0.00763321)
operation = 2
size = Vector3(1.35428, 0.47834, 0.942932)

[node name="CSGBox3D2" type="CSGBox3D" parent="Map/Vents/VentLTBeforeDown"]
transform = Transform3D(1, 0, 0, 0, 1, 0, 0, 0, 1, 0.574867, -0.207581, 0.00761414)
operation = 2
size = Vector3(0.151245, 0.584839, 0.942902)

[node name="VentLTDown" type="CSGBox3D" parent="Map/Vents"]
transform = Transform3D(0.880088, 0.47481, -5.24149e-09, -0.47481, 0.880088, 2.29568e-08, 1.55131e-08, -1.77153e-08, 1, -17.6085, -0.0966586, -35.8455)
use_collision = true
size = Vector3(5.62268, 0.581848, 1.14954)

[node name="CSGBox3D" type="CSGBox3D" parent="Map/Vents/VentLTDown"]
transform = Transform3D(1, 2.98023e-08, 3.55271e-15, -2.98023e-08, 1, -8.88178e-15, 0, 1.77636e-15, 1, -0.227257, -0.0313597, -0.00897598)
operation = 2
size = Vector3(6.17159, 0.47834, 0.966492)

[node name="CSGBox3D2" type="CSGBox3D" parent="Map/Vents/VentLTDown"]
transform = Transform3D(0.877975, -0.478707, -5.33386e-09, 0.478707, 0.877975, 2.09249e-08, -5.33366e-09, -2.09238e-08, 1, -2.87956, 0.17999, -0.0132751)
operation = 2
size = Vector3(1.13281, 0.209839, 1.19037)

[node name="CSGBox3D3" type="CSGBox3D" parent="Map/Vents/VentLTDown"]
transform = Transform3D(0.893959, -0.448149, -4.63519e-09, 0.448149, 0.893959, 1.95892e-08, -4.63627e-09, -1.95892e-08, 1, -2.76939, -0.356072, -0.00296402)
operation = 2
size = Vector3(0.883911, 0.366486, 0.938152)

[node name="CSGBox3D4" type="CSGBox3D" parent="Map/Vents/VentLTDown"]
transform = Transform3D(0.882332, -0.470627, -5.14342e-09, 0.470627, 0.882332, 2.05718e-08, -5.14362e-09, -2.05713e-08, 1, 2.83354, 0.306325, 0)
operation = 2
size = Vector3(0.59668, 0.183807, 1)

[node name="VentLTLong" type="CSGBox3D" parent="Map/Vents"]
transform = Transform3D(1, -4.37114e-08, 1.06581e-14, 4.37114e-08, 1, 4.37114e-08, -1.42109e-14, -4.37114e-08, 1, -12.2951, -1.33193, -35.8757)
use_collision = true
size = Vector3(6.16488, 0.581848, 1.14954)

[node name="CSGBox3D" type="CSGBox3D" parent="Map/Vents/VentLTLong"]
transform = Transform3D(1, 0, 0, 0, 1, 0, 0, 0, 1, 0.0146804, -0.0289341, 0.0202637)
operation = 2
size = Vector3(38.1126, 0.47834, 0.959473)

[node name="CSGBox3D2" type="CSGBox3D" parent="Map/Vents/VentLTLong"]
transform = Transform3D(1, 0, 0, 0, 1, 0, 0, 0, 1, -19.0536, 0.351196, 0)
operation = 2
size = Vector3(1.15576, 0.297607, 1)

[node name="VentLTUp" type="CSGBox3D" parent="Map/Vents"]
transform = Transform3D(-0.880477, -0.474088, 8.74228e-08, -0.474088, 0.880477, -4.37114e-08, -5.62507e-08, -7.99329e-08, -1, -7.04701, -0.0825396, -35.8318)
use_collision = true
size = Vector3(5.39551, 0.581848, 1.14954)

[node name="CSGBox3D" type="CSGBox3D" parent="Map/Vents/VentLTUp"]
transform = Transform3D(1, 0, 0, 0, 1, 0, 0, 0, 1, -0.314755, -0.0289357, 0.0202637)
operation = 2
size = Vector3(6.35557, 0.47834, 0.959473)

[node name="CSGBox3D2" type="CSGBox3D" parent="Map/Vents/VentLTUp"]
transform = Transform3D(0.877975, -0.478707, -5.33388e-09, 0.478707, 0.877975, 2.09249e-08, -5.33366e-09, -2.09244e-08, 1, -2.86731, 0.157291, -0.0132751)
operation = 2
size = Vector3(1.13281, 0.208496, 1.19037)

[node name="CSGBox3D3" type="CSGBox3D" parent="Map/Vents/VentLTUp"]
transform = Transform3D(0.893959, -0.448149, -4.63519e-09, 0.448149, 0.893959, 1.95892e-08, -4.63627e-09, -1.95892e-08, 1, -2.44703, -0.170485, 0.0229645)
operation = 2
size = Vector3(0.883911, 0.345947, 0.958344)

[node name="CSGBox3D4" type="CSGBox3D" parent="Map/Vents/VentLTUp"]
transform = Transform3D(0.882332, -0.470627, -5.14342e-09, 0.470627, 0.882332, 2.05718e-08, -5.14343e-09, -2.05714e-08, 1, 2.82348, 0.325187, 0)
operation = 2
size = Vector3(0.59668, 0.141052, 1)

[node name="VentLTAfterUp" type="CSGBox3D" parent="Map/Vents"]
transform = Transform3D(-1, -4.37114e-08, 8.74228e-08, -4.37114e-08, 1, -4.37114e-08, -8.74228e-08, -4.37114e-08, -1, -4.31752, 1.02228, -35.8384)
use_collision = true
size = Vector3(1.51768, 0.581848, 1.14954)

[node name="CSGBox3D" type="CSGBox3D" parent="Map/Vents/VentLTAfterUp"]
transform = Transform3D(1, 0, 0, 0, 1, 0, 0, 0, 1, 0.0262449, -0.0289341, 0.0143433)
operation = 2
size = Vector3(1.95857, 0.47834, 0.947632)

[node name="CSGBox3D2" type="CSGBox3D" parent="Map/Vents/VentLTAfterUp"]
transform = Transform3D(1, 0, 0, 0, 1, 0, 0, 0, 1, 0.871044, -0.321533, 0)
operation = 2
size = Vector3(0.515625, 0.356934, 1)

[node name="VentRTAfterUp" type="CSGBox3D" parent="Map/Vents"]
transform = Transform3D(1, -4.37114e-08, 1.06581e-14, 4.37114e-08, 1, 4.37114e-08, -1.42109e-14, -4.37114e-08, 1, 4.79532, 1.02228, -35.9051)
use_collision = true
size = Vector3(1.58843, 0.581848, 1.14954)

[node name="CSGBox3D" type="CSGBox3D" parent="Map/Vents/VentRTAfterUp"]
transform = Transform3D(1, 0, 0, 0, 1, 0, 0, 0, 1, 0.0262449, -0.0289341, 0.0143433)
operation = 2
size = Vector3(1.95857, 0.47834, 0.947632)

[node name="CSGBox3D2" type="CSGBox3D" parent="Map/Vents/VentRTAfterUp"]
transform = Transform3D(1, 0, 0, 0, 1, 0, 0, 0, 1, 0.871044, -0.321533, 0)
operation = 2
size = Vector3(0.515625, 0.356934, 1)

[node name="VentRTUp" type="CSGBox3D" parent="Map/Vents"]
transform = Transform3D(0.880477, 0.474088, 7.10543e-15, -0.474088, 0.880477, 4.37114e-08, 2.0723e-08, -3.84868e-08, 1, 7.56371, -0.0825388, -35.9109)
use_collision = true
size = Vector3(5.39551, 0.581848, 1.14954)

[node name="CSGBox3D" type="CSGBox3D" parent="Map/Vents/VentRTUp"]
transform = Transform3D(1, 0, 0, 0, 1, 0, 0, 0, 1, -0.314755, -0.0289357, 0.0202637)
operation = 2
size = Vector3(6.35557, 0.47834, 0.959473)

[node name="CSGBox3D2" type="CSGBox3D" parent="Map/Vents/VentRTUp"]
transform = Transform3D(0.877975, -0.478707, -5.33388e-09, 0.478707, 0.877975, 2.09249e-08, -5.33366e-09, -2.09244e-08, 1, -2.86731, 0.157291, -0.0132751)
operation = 2
size = Vector3(1.13281, 0.208496, 1.19037)

[node name="CSGBox3D3" type="CSGBox3D" parent="Map/Vents/VentRTUp"]
transform = Transform3D(0.893959, -0.448149, -4.63519e-09, 0.448149, 0.893959, 1.95892e-08, -4.63627e-09, -1.95892e-08, 1, -2.44703, -0.170485, 0.0229645)
operation = 2
size = Vector3(0.883911, 0.345947, 0.958344)

[node name="CSGBox3D4" type="CSGBox3D" parent="Map/Vents/VentRTUp"]
transform = Transform3D(0.882332, -0.470627, -5.14342e-09, 0.470627, 0.882332, 2.05718e-08, -5.14343e-09, -2.05714e-08, 1, 2.82348, 0.325187, 0)
operation = 2
size = Vector3(0.59668, 0.141052, 1)

[node name="VentRTLong" type="CSGBox3D" parent="Map/Vents"]
transform = Transform3D(-1, -4.37114e-08, 8.74228e-08, -4.37114e-08, 1, -4.37114e-08, -8.74228e-08, -4.37114e-08, -1, 12.9818, -1.33193, -35.8757)
use_collision = true
size = Vector3(6.39152, 0.581848, 1.14954)

[node name="CSGBox3D" type="CSGBox3D" parent="Map/Vents/VentRTLong"]
transform = Transform3D(1, 0, 0, 0, 1, 0, 0, 0, 1, 0.0146804, -0.0289341, 0.0202637)
operation = 2
size = Vector3(38.1126, 0.47834, 0.959473)

[node name="CSGBox3D2" type="CSGBox3D" parent="Map/Vents/VentRTLong"]
transform = Transform3D(1, 0, 0, 0, 1, 0, 0, 0, 1, -19.0536, 0.351196, 0)
operation = 2
size = Vector3(1.15576, 0.297607, 1)

[node name="VentRTDown" type="CSGBox3D" parent="Map/Vents"]
transform = Transform3D(-0.880477, -0.474088, 8.74228e-08, -0.474088, 0.880477, -4.37114e-08, -5.62507e-08, -7.99329e-08, -1, 18.3209, -0.096657, -35.9027)
use_collision = true
size = Vector3(5.62268, 0.581848, 1.14954)

[node name="CSGBox3D" type="CSGBox3D" parent="Map/Vents/VentRTDown"]
transform = Transform3D(1, 2.98023e-08, 3.55271e-15, -2.98023e-08, 1, -8.88178e-15, 0, 1.77636e-15, 1, -0.227257, -0.0313597, -0.00897598)
operation = 2
size = Vector3(6.17159, 0.47834, 0.966492)

[node name="CSGBox3D2" type="CSGBox3D" parent="Map/Vents/VentRTDown"]
transform = Transform3D(0.877975, -0.478707, -5.33386e-09, 0.478707, 0.877975, 2.09249e-08, -5.33366e-09, -2.09238e-08, 1, -2.87956, 0.17999, -0.0132751)
operation = 2
size = Vector3(1.13281, 0.209839, 1.19037)

[node name="CSGBox3D3" type="CSGBox3D" parent="Map/Vents/VentRTDown"]
transform = Transform3D(0.893959, -0.448149, -4.63519e-09, 0.448149, 0.893959, 1.95892e-08, -4.63627e-09, -1.95892e-08, 1, -2.76939, -0.356072, -0.00296402)
operation = 2
size = Vector3(0.883911, 0.366486, 0.938152)

[node name="CSGBox3D4" type="CSGBox3D" parent="Map/Vents/VentRTDown"]
transform = Transform3D(0.882332, -0.470627, -5.14342e-09, 0.470627, 0.882332, 2.05718e-08, -5.14362e-09, -2.05713e-08, 1, 2.83354, 0.306325, 0)
operation = 2
size = Vector3(0.59668, 0.183807, 1)

[node name="VentRTBeforeDown" type="CSGBox3D" parent="Map/Vents"]
transform = Transform3D(1, -4.37114e-08, 1.06581e-14, 4.37114e-08, 1, 4.37114e-08, -1.42109e-14, -4.37114e-08, 1, 21.1201, 1.03436, -35.896)
use_collision = true
size = Vector3(1.26709, 0.581848, 1.14954)

[node name="CSGBox3D" type="CSGBox3D" parent="Map/Vents/VentRTBeforeDown"]
transform = Transform3D(1, 0, 0, 0, 1, 0, 0, 0, 1, -0.0371075, 0.00169694, -0.00196457)
operation = 2
size = Vector3(1.35428, 0.536638, 0.923737)

[node name="CSGBox3D2" type="CSGBox3D" parent="Map/Vents/VentRTBeforeDown"]
transform = Transform3D(1, 0, 0, 0, 1, 0, 0, 0, 1, 0.574867, -0.207581, 0.00761414)
operation = 2
size = Vector3(0.151245, 0.584839, 0.942902)

[node name="NavigationRegion3D" type="NavigationRegion3D" parent="Map"]
navigation_mesh = ExtResource("6_p57ef")

[node name="TunelSideBars" type="Node" parent="Map/NavigationRegion3D"]

[node name="TunelSideBarRL" type="CSGBox3D" parent="Map/NavigationRegion3D/TunelSideBars"]
transform = Transform3D(-4.37114e-08, -4.37114e-08, -1, 4.37114e-08, 1, -4.37114e-08, 1, -4.37114e-08, -4.37114e-08, 9.1244, -1.1827, -18.6213)
use_collision = true
size = Vector3(46.8007, 3.36035, 2.32336)

[node name="CSGBox3D" type="CSGBox3D" parent="Map/NavigationRegion3D/TunelSideBars/TunelSideBarRL"]
transform = Transform3D(1, 0, 0, 0, 1, 0, 0, 0, 1, -1.30079, -0.146622, 0.0379639)
operation = 2
size = Vector3(1.11084, 0.555206, 3.16577)

[node name="CSGBox3D2" type="CSGBox3D" parent="Map/NavigationRegion3D/TunelSideBars/TunelSideBarRL"]
transform = Transform3D(1, 0, 0, 0, 1, 0, 0, 0, 1, -17.5472, 0.439697, 0.185181)
operation = 2
size = Vector3(2.8808, 1.87939, 2.68335)

[node name="CSGBox3D3" type="CSGBox3D" parent="Map/NavigationRegion3D/TunelSideBars/TunelSideBarRL"]
transform = Transform3D(1, 0, 0, 0, 1, 0, 0, 0, 1, -17.2306, -0.147614, -0.595703)
operation = 2
size = Vector3(1.08874, 0.537659, 2.19141)

[node name="TunelSideBarRR" type="CSGBox3D" parent="Map/NavigationRegion3D/TunelSideBars"]
transform = Transform3D(-4.37114e-08, -4.37114e-08, -1, 4.37114e-08, 1, -4.37114e-08, 1, -4.37114e-08, -4.37114e-08, 16.0423, -1.1827, -18.1146)
use_collision = true
size = Vector3(45.7891, 3.36035, 2.32336)

[node name="CSGBox3D" type="CSGBox3D" parent="Map/NavigationRegion3D/TunelSideBars/TunelSideBarRR"]
transform = Transform3D(1, 0, 0, 0, 1, 0, 0, 0, 1, -1.76348, -0.11945, 0.0379639)
operation = 2
size = Vector3(1.0741, 0.500862, 3.16577)

[node name="CSGBox3D2" type="CSGBox3D" parent="Map/NavigationRegion3D/TunelSideBars/TunelSideBarRR"]
transform = Transform3D(1, 0, 0, 0, 1, 0, 0, 0, 1, -18.059, 0.439697, -0.208029)
operation = 2
size = Vector3(2.72864, 1.87939, 2.68335)

[node name="CSGBox3D3" type="CSGBox3D" parent="Map/NavigationRegion3D/TunelSideBars/TunelSideBarRR"]
transform = Transform3D(1, 0, 0, 0, 1, 0, 0, 0, 1, -17.7863, -0.147614, 0.714737)
operation = 2
size = Vector3(1.13232, 0.537659, 2.19141)

[node name="TunelSideBarLL" type="CSGBox3D" parent="Map/NavigationRegion3D/TunelSideBars"]
transform = Transform3D(-4.37114e-08, -4.37114e-08, -1, 4.37114e-08, 1, -4.37114e-08, 1, -4.37114e-08, -4.37114e-08, -15.0315, -1.1827, -18.1485)
use_collision = true
size = Vector3(45.8452, 3.36035, 2.32336)

[node name="CSGBox3D6" type="CSGBox3D" parent="Map/NavigationRegion3D/TunelSideBars/TunelSideBarLL"]
transform = Transform3D(-4.37114e-08, 1, -4.37114e-08, 0, -4.37114e-08, -1, -1, -4.37114e-08, 1.91069e-15, -1.67161, -0.105609, -1.15168)
operation = 2
size = Vector3(10.4653, 1.0023, 0.510203)

[node name="CSGBox3D" type="CSGBox3D" parent="Map/NavigationRegion3D/TunelSideBars/TunelSideBarLL"]
transform = Transform3D(1, 0, 0, 0, 1, 0, 0, 0, 1, -17.7358, 0.0397797, 0.959656)
operation = 2
size = Vector3(1.06629, 1.24918, 4.22522)

[node name="CSGBox3D2" type="CSGBox3D" parent="Map/NavigationRegion3D/TunelSideBars/TunelSideBarLL"]
transform = Transform3D(1, 0, 0, 0, 1, 0, 0, 0, 1, -17.7471, -0.153848, -1.1777)
operation = 2
size = Vector3(1.10168, 0.550262, 2.04529)

[node name="TunelSideBarLR" type="CSGBox3D" parent="Map/NavigationRegion3D/TunelSideBars"]
transform = Transform3D(-4.37114e-08, -4.37114e-08, -1, 4.37114e-08, 1, -4.37114e-08, 1, -4.37114e-08, -4.37114e-08, -8.89165, -1.1827, -18.1153)
use_collision = true
size = Vector3(45.7316, 3.36035, 2.32336)

[node name="CSGBox3D6" type="CSGBox3D" parent="Map/NavigationRegion3D/TunelSideBars/TunelSideBarLR"]
transform = Transform3D(-4.37114e-08, 1, -4.37114e-08, 0, -4.37114e-08, -1, -1, -4.37114e-08, 1.91069e-15, -1.63719, -0.111706, -0.337323)
operation = 2
size = Vector3(8.83655, 1.07077, 0.484446)

[node name="CSGBox3D" type="CSGBox3D" parent="Map/NavigationRegion3D/TunelSideBars/TunelSideBarLR"]
transform = Transform3D(1, 0, 0, 0, 1, 0, 0, 0, 1, -17.7532, -0.162582, -0.652415)
operation = 2
size = Vector3(1.10036, 0.531952, 3.63)

[node name="CSGBox3D2" type="CSGBox3D" parent="Map/NavigationRegion3D/TunelSideBars/TunelSideBarLR"]
transform = Transform3D(1, 0, 0, 0, 1, 0, 0, 0, 1, -17.7901, 0.55617, -0.128)
operation = 2
size = Vector3(1.98139, 1.72559, 2.13043)

[node name="EntryBlock" type="Node" parent="Map/NavigationRegion3D"]

[node name="EntryBlockR" type="CSGBox3D" parent="Map/NavigationRegion3D/EntryBlock"]
transform = Transform3D(-4.37114e-08, -4.37114e-08, -1, 4.37114e-08, 1, -4.37114e-08, 1, -4.37114e-08, -4.37114e-08, 7.60252, 0.299572, -0.642728)
use_collision = true
size = Vector3(3.51923, 0.39225, 1)

[node name="EntryBlockL" type="CSGBox3D" parent="Map/NavigationRegion3D/EntryBlock"]
transform = Transform3D(-4.37114e-08, -4.37114e-08, -1, 4.37114e-08, 1, -4.37114e-08, 1, -4.37114e-08, -4.37114e-08, -7.74102, 0.285762, 0.0100918)
use_collision = true
size = Vector3(3.51923, 0.421061, 1)

[node name="Bridges" type="Node" parent="Map/NavigationRegion3D"]

[node name="BridgeRT" type="CSGBox3D" parent="Map/NavigationRegion3D/Bridges"]
transform = Transform3D(-4.37114e-08, -4.37114e-08, -1, 4.37114e-08, 1, -4.37114e-08, 1, -4.37114e-08, -4.37114e-08, 12.6261, -1.45508, -31.5639)
use_collision = true
size = Vector3(4.90588, 3.91016, 5.27563)

[node name="CSGCylinder3D" type="CSGCylinder3D" parent="Map/NavigationRegion3D/Bridges/BridgeRT"]
transform = Transform3D(-4.37114e-08, -1, 0, 1, -4.37114e-08, 0, 0, 0, 1, -0.117714, -1.26091, 0)
operation = 2
radius = 2.73096
height = 5.52832
sides = 64

[node name="BridgeRM" type="CSGBox3D" parent="Map/NavigationRegion3D/Bridges"]
transform = Transform3D(-4.37114e-08, -4.37114e-08, -1, 4.37114e-08, 1, -4.37114e-08, 1, -4.37114e-08, -4.37114e-08, 12.5158, -1.45508, -18.1226)
use_collision = true
size = Vector3(4.72442, 3.91016, 5.27563)

[node name="CSGCylinder3D" type="CSGCylinder3D" parent="Map/NavigationRegion3D/Bridges/BridgeRM"]
transform = Transform3D(-4.37114e-08, -1, 0, 1, -4.37114e-08, 0, 0, 0, 1, -0.117714, -1.26091, 0)
operation = 2
radius = 2.73096
height = 5.52832
sides = 64

[node name="CSGBox3D" type="CSGBox3D" parent="Map/NavigationRegion3D/Bridges/BridgeRM"]
transform = Transform3D(1, 0, 0, 0, 1, 0, 0, 0, 1, -1.72639, 0.167766, 0.761766)
operation = 2
size = Vector3(0.867188, 0.529663, 7.45325)

[node name="BridgeRB" type="CSGBox3D" parent="Map/NavigationRegion3D/Bridges"]
transform = Transform3D(-4.37114e-08, -4.37114e-08, -1, 4.37114e-08, 1, -4.37114e-08, 1, -4.37114e-08, -4.37114e-08, 12.5848, -1.45508, -6.0647)
use_collision = true
size = Vector3(4.90588, 3.91016, 5.27563)

[node name="CSGCylinder3D" type="CSGCylinder3D" parent="Map/NavigationRegion3D/Bridges/BridgeRB"]
transform = Transform3D(-4.37114e-08, -1, 0, 1, -4.37114e-08, 0, 0, 0, 1, -0.117714, -1.26091, 0)
operation = 2
radius = 2.73096
height = 5.52832
sides = 64

[node name="BridgeLT" type="CSGBox3D" parent="Map/NavigationRegion3D/Bridges"]
transform = Transform3D(-4.37114e-08, -4.37114e-08, -1, 4.37114e-08, 1, -4.37114e-08, 1, -4.37114e-08, -4.37114e-08, -11.9204, -1.45508, -33.298)
use_collision = true
size = Vector3(4.90588, 3.91016, 5.27563)

[node name="CSGCylinder3D" type="CSGCylinder3D" parent="Map/NavigationRegion3D/Bridges/BridgeLT"]
transform = Transform3D(-4.37114e-08, -1, 0, 1, -4.37114e-08, 0, 0, 0, 1, -0.117714, -1.26091, 0)
operation = 2
radius = 2.73096
height = 5.52832
sides = 64

[node name="CSGBox3D" type="CSGBox3D" parent="Map/NavigationRegion3D/Bridges/BridgeLT"]
transform = Transform3D(1, 0, 0, 0, 1, 0, 0, 0, 1, -2.56934, 0.119965, 1.25452)
operation = 2
size = Vector3(1.05029, 0.563049, 10.6443)

[node name="BridgeLM" type="CSGBox3D" parent="Map/NavigationRegion3D/Bridges"]
transform = Transform3D(-4.37114e-08, -4.37114e-08, -1, 4.37114e-08, 1, -4.37114e-08, 1, -4.37114e-08, -4.37114e-08, -11.9204, -1.45508, -18.3272)
use_collision = true
size = Vector3(4.90588, 3.91016, 5.27563)

[node name="CSGCylinder3D" type="CSGCylinder3D" parent="Map/NavigationRegion3D/Bridges/BridgeLM"]
transform = Transform3D(-4.37114e-08, -1, 0, 1, -4.37114e-08, 0, 0, 0, 1, -0.117714, -1.26091, 0)
operation = 2
radius = 2.73096
height = 5.52832
sides = 64

[node name="CSGBox3D" type="CSGBox3D" parent="Map/NavigationRegion3D/Bridges/BridgeLM"]
transform = Transform3D(1, 0, 0, 0, 1, 0, 0, 0, 1, -1.56625, 0.189697, -0.163025)
operation = 2
size = Vector3(1.08936, 0.574707, 11.257)

[node name="BridgeLB" type="CSGBox3D" parent="Map/NavigationRegion3D/Bridges"]
transform = Transform3D(-4.37114e-08, -4.37114e-08, -1, 4.37114e-08, 1, -4.37114e-08, 1, -4.37114e-08, -4.37114e-08, -11.9204, -1.45508, -5.90628)
use_collision = true
size = Vector3(4.90588, 3.91016, 5.27563)

[node name="CSGCylinder3D" type="CSGCylinder3D" parent="Map/NavigationRegion3D/Bridges/BridgeLB"]
transform = Transform3D(-4.37114e-08, -1, 0, 1, -4.37114e-08, 0, 0, 0, 1, -0.117714, -1.26091, 0)
operation = 2
radius = 2.73096
height = 5.52832
sides = 64

[node name="Rooms" type="Node" parent="Map/NavigationRegion3D"]

[node name="MainRoom" type="CSGBox3D" parent="Map/NavigationRegion3D/Rooms"]
transform = Transform3D(-4.37114e-08, -4.37114e-08, -1, 4.37114e-08, 1, -4.37114e-08, 1, -4.37114e-08, -4.37114e-08, 0.107048, 1.79205, -0.291639)
use_collision = true
size = Vector3(6.41861, 3.10452, 9.07662)

[node name="CSGBox3D" type="CSGBox3D" parent="Map/NavigationRegion3D/Rooms/MainRoom"]
transform = Transform3D(1, 0, 0, 0, 1, 0, 0, 0, 1, 0.0119795, -0.00666153, -0.000349641)
operation = 2
size = Vector3(5.52643, 2.57308, 8.12584)

[node name="Arch" type="CSGCombiner3D" parent="Map/NavigationRegion3D/Rooms/MainRoom"]
transform = Transform3D(1, 0, 0, 0, 1, 0, 0, 0, 1, 0.325807, 0, 1.00728)
operation = 2

[node name="CSGBox3D2" type="CSGBox3D" parent="Map/NavigationRegion3D/Rooms/MainRoom/Arch"]
transform = Transform3D(1, 0, 0, 0, 1, 0, 0, 0, 1, 0.000364304, -0.652204, 3.1626)
size = Vector3(2.00015, 1.27567, 1)

[node name="CSGCylinder3D" type="CSGCylinder3D" parent="Map/NavigationRegion3D/Rooms/MainRoom/Arch"]
transform = Transform3D(1, 0, 0, 0, -4.37114e-08, -1, 0, 1, -4.37114e-08, 0, 0, 3.2415)
radius = 1.001
height = 1.53076
sides = 26

[node name="Arch2" type="CSGCombiner3D" parent="Map/NavigationRegion3D/Rooms/MainRoom"]
transform = Transform3D(1, 0, 0, 0, 1, 0, 0, 0, 1, 0.170431, 0.0313067, -7.5464)
operation = 2

[node name="CSGBox3D2" type="CSGBox3D" parent="Map/NavigationRegion3D/Rooms/MainRoom/Arch2"]
transform = Transform3D(1, 0, 0, 0, 1, 0, 0, 0, 1, 0.000364304, -0.669539, 3.3632)
size = Vector3(2.00015, 1.31033, 1)

[node name="CSGCylinder3D" type="CSGCylinder3D" parent="Map/NavigationRegion3D/Rooms/MainRoom/Arch2"]
transform = Transform3D(1, 0, 0, 0, -4.37114e-08, -1, 0, 1, -4.37114e-08, 0, 0, 3.2415)
radius = 1.001
height = 1.53076
sides = 26

[node name="CSGBox3D3" type="CSGBox3D" parent="Map/NavigationRegion3D/Rooms/MainRoom"]
transform = Transform3D(1, 0, 0, 0, 1, 0, 0, 0, 1, -2.91777, -1.02304, -0.0151486)
operation = 2
size = Vector3(1, 0.488403, 0.965332)

[node name="Office" type="CSGBox3D" parent="Map/NavigationRegion3D/Rooms"]
transform = Transform3D(-4.37114e-08, -4.37114e-08, -1, 4.37114e-08, 1, -4.37114e-08, 1, -4.37114e-08, -4.37114e-08, 0.13258, 1.90764, -9.31633)
use_collision = true
size = Vector3(4.78684, 2.85144, 5.08543)

[node name="CSGBox3D" type="CSGBox3D" parent="Map/NavigationRegion3D/Rooms/Office"]
transform = Transform3D(1, 0, 0, 0, 1, 0, 0, 0, 1, 0.0584106, -0.0268283, -0.00286865)
operation = 2
size = Vector3(4.30774, 2.73275, 4.52551)

[node name="CSGBox3D3" type="CSGBox3D" parent="Map/NavigationRegion3D/Rooms/Office"]
transform = Transform3D(1, 0, 0, 0, 1, 0, 0, 0, 1, 2.58614, -1.14131, -0.0151486)
operation = 2
size = Vector3(1, 0.475647, 0.965332)

[node name="Grate" parent="Map/NavigationRegion3D/Rooms/Office" instance=ExtResource("2_yqjtg")]
transform = Transform3D(-4.37114e-08, 0, 1, 0, 1, 0, -1, 0, -4.37114e-08, 2.18317, -1.14631, -0.0142149)

[node name="Arch" type="CSGCombiner3D" parent="Map/NavigationRegion3D/Rooms/Office"]
transform = Transform3D(-4.37114e-08, 0, 1, 0, 1, 0, -1, 0, -4.37114e-08, -5.14249, 0, -0.165141)
operation = 2

[node name="CSGBox3D2" type="CSGBox3D" parent="Map/NavigationRegion3D/Rooms/Office/Arch"]
transform = Transform3D(1, 0, 0, 0, 1, 0, 0, 0, 1, 0.000364304, -0.704696, 3.1626)
size = Vector3(2.00015, 1.38065, 1)

[node name="CSGCylinder3D" type="CSGCylinder3D" parent="Map/NavigationRegion3D/Rooms/Office/Arch"]
transform = Transform3D(1, 0, 0, 0, -4.37114e-08, -1, 0, 1, -4.37114e-08, 0, 0, 3.2415)
radius = 1.001
height = 1.53076
sides = 26

[node name="R2Room" type="CSGBox3D" parent="Map/NavigationRegion3D/Rooms"]
transform = Transform3D(-4.37114e-08, -4.37114e-08, -1, 4.37114e-08, 1, -4.37114e-08, 1, -4.37114e-08, -4.37114e-08, 25.0122, 2.05125, -30.5746)
size = Vector3(14.5956, 4.94852, 7.83968)

[node name="CSGBox3D" type="CSGBox3D" parent="Map/NavigationRegion3D/Rooms/R2Room"]
transform = Transform3D(1, 0, 0, 0, 1, 0, 0, 0, 1, 0.00429153, 0.336476, -0.0824871)
operation = 2
size = Vector3(13.4794, 3.26817, 6.4613)

[node name="Arch" type="CSGCombiner3D" parent="Map/NavigationRegion3D/Rooms/R2Room"]
transform = Transform3D(1, 0, 0, 0, 1, 0, 0, 0, 1, -0.913872, 0.244286, 0.418541)
operation = 2

[node name="CSGBox3D2" type="CSGBox3D" parent="Map/NavigationRegion3D/Rooms/R2Room/Arch"]
transform = Transform3D(1, 0, 0, 0, 1, 0, 0, 0, 1, 0.000363827, -0.777745, 3.1626)
size = Vector3(2.00015, 1.52674, 1)

[node name="CSGCylinder3D" type="CSGCylinder3D" parent="Map/NavigationRegion3D/Rooms/R2Room/Arch"]
transform = Transform3D(1, 0, 0, 0, -4.37114e-08, -1, 0, 1, -4.37114e-08, 0, 0, 3.2415)
radius = 1.001
height = 1.53076
sides = 26

[node name="CSGBox3D2" type="CSGBox3D" parent="Map/NavigationRegion3D/Rooms/R2Room"]
transform = Transform3D(1, 0, 0, 0, 1, 0, 0, 0, 1, 7.02673, -1.05552, -0.767998)
operation = 2
size = Vector3(0.613647, 0.487549, 0.955688)

[node name="CSGBox3D3" type="CSGBox3D" parent="Map/NavigationRegion3D/Rooms/R2Room"]
transform = Transform3D(-4.37114e-08, 0, 1, 0, 1, 0, -1, 0, -4.37114e-08, -5.31984, -1.01569, 3.54243)
operation = 2
size = Vector3(0.849792, 0.535706, 0.901672)

[node name="R1Room" type="CSGBox3D" parent="Map/NavigationRegion3D/Rooms"]
transform = Transform3D(-4.37114e-08, -4.37114e-08, -1, 4.37114e-08, 1, -4.37114e-08, 1, -4.37114e-08, -4.37114e-08, 25.0206, 2.05125, -9.29855)
size = Vector3(14.6044, 4.94852, 7.73065)

[node name="CSGBox3D" type="CSGBox3D" parent="Map/NavigationRegion3D/Rooms/R1Room"]
transform = Transform3D(1, 0, 0, 0, 1, 0, 0, 0, 1, 0.105521, 0.336476, 0.0459595)
operation = 2
size = Vector3(13.6712, 3.26817, 6.82925)

[node name="Arch" type="CSGCombiner3D" parent="Map/NavigationRegion3D/Rooms/R1Room"]
transform = Transform3D(1, 0, 0, 0, 1, 0, 0, 0, 1, 3.45053, 0.244286, 0.401545)
operation = 2

[node name="CSGBox3D2" type="CSGBox3D" parent="Map/NavigationRegion3D/Rooms/R1Room/Arch"]
transform = Transform3D(1, 0, 0, 0, 1, 0, 0, 0, 1, 0.000363827, -0.777745, 3.1626)
size = Vector3(2.00015, 1.52674, 1)

[node name="CSGCylinder3D" type="CSGCylinder3D" parent="Map/NavigationRegion3D/Rooms/R1Room/Arch"]
transform = Transform3D(1, 0, 0, 0, -4.37114e-08, -1, 0, 1, -4.37114e-08, 0, 0, 3.2415)
radius = 1.001
height = 1.53076
sides = 26

[node name="CSGBox3D2" type="CSGBox3D" parent="Map/NavigationRegion3D/Rooms/R1Room"]
transform = Transform3D(1, 0, 0, 0, 1, 0, 0, 0, 1, -7.03493, -1.05552, -0.754721)
operation = 2
size = Vector3(0.613647, 0.487549, 0.955688)

[node name="L1Room" type="CSGBox3D" parent="Map/NavigationRegion3D/Rooms"]
transform = Transform3D(-4.37114e-08, -4.37114e-08, -1, 4.37114e-08, 1, -4.37114e-08, 1, -4.37114e-08, -4.37114e-08, -24.7617, 2.05125, -9.28917)
size = Vector3(14.5858, 4.94852, 7.7066)

[node name="CSGBox3D" type="CSGBox3D" parent="Map/NavigationRegion3D/Rooms/L1Room"]
transform = Transform3D(1, 0, 0, 0, 1, 0, 0, 0, 1, 0.00429153, 0.336476, -0.0824871)
operation = 2
size = Vector3(13.4794, 3.26817, 6.4613)

[node name="Arch" type="CSGCombiner3D" parent="Map/NavigationRegion3D/Rooms/L1Room"]
transform = Transform3D(1, 0, 0, 0, 1, 0, 0, 0, 1, 3.30723, 0.244286, -6.63404)
operation = 2

[node name="CSGBox3D2" type="CSGBox3D" parent="Map/NavigationRegion3D/Rooms/L1Room/Arch"]
transform = Transform3D(1, 0, 0, 0, 1, 0, 0, 0, 1, 0.000363827, -0.777745, 3.1626)
size = Vector3(2.00015, 1.52674, 1)

[node name="CSGCylinder3D" type="CSGCylinder3D" parent="Map/NavigationRegion3D/Rooms/L1Room/Arch"]
transform = Transform3D(1, 0, 0, 0, -4.37114e-08, -1, 0, 1, -4.37114e-08, 0, 0, 3.2415)
